111
222
333111
222
333111

222
333111
222
333111
222
333111
222
333111
222
333111
222
333111
222
333111
222
333111
222
333111
222

222
222
333111
222

222
333111
222

222
333111
222
333111
222
333111

222
333111
222
333111

222
333111
222
333111
222
333111
222
333111
222
333111
222
333111
222
333111
222
333111
222
333111
222
333111
222
333111
222
333111
222
333111
222
333111
222
333111
222
333111
222
333111
222
333111
222
333111
222
333111
222
333111
222
333111
222
333111
222
333111
222
333111
222
333111
222
333111
222
333111
222
333111
222
333111
222
333111
222
333111
222
333111
222
333111
222
333111
222
333111
222
333111
222
333111
222
333111
222
333111
222
333111
222
33
